#
# gridID 1
#
gridtype  = gaussian
gridsize  = 819200
xsize     = 1280
ysize     = 640
xname     = lon
xlongname = "longitude"
xunits    = "degrees_east"
yname     = lat
ylongname = "latitude"
yunits    = "degrees_north"
numLPE    = 320
xfirst    = 0
xinc      = 0.28125
yvals     = 89.7848769072186 89.5062027382064 89.2258828476116 88.9451911183164 88.6643583418229
            88.383457312248 88.1025181389372 87.8215555071106 87.5405774264112 87.2595886348395
            86.9785921135966 86.697589831922 86.4165831427364 86.135573006184 85.8545601224853
            85.5735450142967 85.2925280796269 85.0115096268977 84.7304898988028 84.449469088929
            84.1684473535767 83.8874248203231 83.6064015943301 83.3253777630592 83.0443533998451
            82.7633285666369 82.4823033161249 82.2012776934076 81.9202517373121 81.6392254814469
            81.3581989550504 81.0771721836786 80.7961451897674 80.5151179930943 80.2340906111611
            79.9530630595119 79.6720353519991 79.3910075010082 79.1099795176461 78.8289514119024
            78.5479231927864 78.2668948684445 77.9858664462609 77.7048379329449 77.4238093346062
            77.1427806568204 76.8617519046863 76.5807230828752 76.2996941956759 76.0186652470318
            75.737636240576 75.4566071796606 75.1755780673836 74.8945489066125 74.6135197000054
            74.3324904500298 74.0514611589791 73.7704318289881 73.4894024620462 73.2083730600095
            72.9273436246123 72.6463141574761 72.3652846601196 72.0842551339657 71.8032255803498
            71.522196000526 71.2411663956731 70.9601367669007 70.6791071152534 70.3980774417163
            70.1170477472186 69.8360180326378 69.5549882988032 69.2739585464991 68.9929287764678
            68.7118989894126 68.4308691859999 68.1498393668621 67.8688095325994 67.5877796837818
            67.3067498209512 67.025719944623 66.7446900552877 66.4636601534124 66.182630239442
            65.901600313801 65.6205703768941 65.3395404291075 65.0585104708102 64.7774805023548
            64.4964505240781 64.2154205363026 63.9343905393366 63.6533605334754 63.3723305190019
            63.091300496187 62.8102704652906 62.5292404265619 62.2482103802402 61.9671803265548
            61.6861502657264 61.4051201979667 61.1240901234794 60.8430600424601 60.5620299550971
            60.2809998615717 59.9999697620583 59.7189396567247 59.4379095457329 59.1568794292387
            58.8758493073924 58.5948191803389 58.313789048218 58.0327589111646 57.751728769309
            57.4706986227768 57.1896684716895 56.9086383161644 56.6276081563149 56.3465779922506
            56.0655478240774 55.784517651898 55.5034874758115 55.222457295914 54.9414271122983
            54.6603969250544 54.3793667342697 54.0983365400284 53.8173063424124 53.5362761415012
            53.2552459373716 52.9742157300982 52.6931855197534 52.4121553064074 52.1311250901284
            51.8500948709826 51.5690646490341 51.2880344243453 51.0070041969769 50.7259739669878
            50.4449437344351 50.1639134993745 49.8828832618601 49.6018530219444 49.3208227796786
            49.0397925351124 48.7587622882944 48.4777320392715 48.1967017880897 47.9156715347936
            47.6346412794268 47.3536110220315 47.072580762649 46.7915505013195 46.5105202380823
            46.2294899729755 45.9484597060362 45.6674294373009 45.3863991668049 45.1053688945827
            44.824338620668 44.5433083450937 44.2622780678919 43.9812477890938 43.70021750873
            43.4191872268304 43.138156943424 42.8571266585394 42.5760963722043 42.2950660844458
            42.0140357952906 41.7330055047645 41.4519752128929 41.1709449197006 40.8899146252118
            40.6088843294502 40.3278540324389 40.0468237342006 39.7657934347576 39.4847631341314
            39.2037328323433 38.9227025294142 38.6416722253643 38.3606419202135 38.0796116139814
            37.798581306687 37.5175509983491 37.236520688986 36.9554903786156 36.6744600672554
            36.3934297549228 36.1123994416347 35.8313691274075 35.5503388122576 35.2693084962008
            34.9882781792528 34.7072478614288 34.4262175427438 34.1451872232127 33.8641569028498
            33.5831265816694 33.3020962596853 33.0210659369112 32.7400356133605 32.4590052890465
            32.1779749639819 31.8969446381796 31.6159143116519 31.3348839844112 31.0538536564695
            30.7728233278385 30.4917929985299 30.2107626685552 29.9297323379256 29.648702006652
            29.3676716747454 29.0866413422163 28.8056110090754 28.5245806753329 28.2435503409989
            27.9625200060835 27.6814896705965 27.4004593345475 27.1194289979461 26.8383986608016
            26.5573683231233 26.2763379849202 25.9953076462013 25.7142773069753 25.433246967251
            25.1522166270369 24.8711862863414 24.5901559451728 24.3091256035393 24.0280952614489
            23.7470649189096 23.4660345759292 23.1850042325154 22.9039738886758 22.622943544418
            22.3419131997493 22.0608828546771 21.7798525092085 21.4988221633507 21.2177918171107
            20.9367614704954 20.6557311235117 20.3747007761662 20.0936704284658 19.812640080417
            19.5316097320262 19.2505793833 18.9695490342446 18.6885186848663 18.4074883351714
            18.126457985166 17.8454276348561 17.5643972842478 17.2833669333469 17.0023365821593
            16.7213062306908 16.4402758789473 16.1592455269342 15.8782151746574 15.5971848221222
            15.3161544693343 15.0351241162991 14.754093763022 14.4730634095083 14.1920330557633
            13.9110027017923 13.6299723476005 13.348941993193 13.067911638575 12.7868812837514
            12.5058509287275 12.224820573508 11.943790218098 11.6627598625023 11.3817295067259
            11.1006991507735 10.8196687946499 10.53863843836 10.2576080819084 9.97657772529974
            9.69554736853877 9.41451701163009 9.13348665457832 8.85245629738799 8.57142594006364
            8.2903955826098 8.009365225031 7.72833486733163 7.44730450951617 7.16627415158902
            6.8852437935546 6.60421343541724 6.32318307718136 6.04215271885122 5.76112236043118
            5.48009200192553 5.19906164333854 4.91803128467449 4.63700092593762 4.35597056713218
            4.07494020826237 3.79390984933242 3.51287949034651 3.23184913130885 2.95081877222359
            2.66978841309492 2.38875805392701 2.10772769472399 1.82669733549001 1.5456669762292
            1.2646366169457 0.983606257643684 0.702575898327214 0.421545539000452
            0.140515179667507 -0.140515179667507 -0.421545539000452 -0.702575898327214
            -0.983606257643684 -1.2646366169457 -1.5456669762292 -1.82669733549001
            -2.10772769472399 -2.38875805392701 -2.66978841309492 -2.95081877222359
            -3.23184913130885 -3.51287949034651 -3.79390984933242 -4.07494020826237
            -4.35597056713218 -4.63700092593762 -4.91803128467449 -5.19906164333854
            -5.48009200192553 -5.76112236043118 -6.04215271885122 -6.32318307718136
            -6.60421343541724 -6.8852437935546 -7.16627415158902 -7.44730450951617
            -7.72833486733163 -8.009365225031 -8.2903955826098 -8.57142594006364
            -8.85245629738799 -9.13348665457832 -9.41451701163009 -9.69554736853877
            -9.97657772529974 -10.2576080819084 -10.53863843836 -10.8196687946499
            -11.1006991507735 -11.3817295067259 -11.6627598625023 -11.943790218098
            -12.224820573508 -12.5058509287275 -12.7868812837514 -13.067911638575
            -13.348941993193 -13.6299723476005 -13.9110027017923 -14.1920330557633
            -14.4730634095083 -14.754093763022 -15.0351241162991 -15.3161544693343
            -15.5971848221222 -15.8782151746574 -16.1592455269342 -16.4402758789473
            -16.7213062306908 -17.0023365821593 -17.2833669333469 -17.5643972842478
            -17.8454276348561 -18.126457985166 -18.4074883351714 -18.6885186848663
            -18.9695490342446 -19.2505793833 -19.5316097320262 -19.812640080417 -20.0936704284658
            -20.3747007761662 -20.6557311235117 -20.9367614704954 -21.2177918171107
            -21.4988221633507 -21.7798525092085 -22.0608828546771 -22.3419131997493
            -22.622943544418 -22.9039738886758 -23.1850042325154 -23.4660345759292
            -23.7470649189096 -24.0280952614489 -24.3091256035393 -24.5901559451728
            -24.8711862863414 -25.1522166270369 -25.433246967251 -25.7142773069753
            -25.9953076462013 -26.2763379849202 -26.5573683231233 -26.8383986608016
            -27.1194289979461 -27.4004593345475 -27.6814896705965 -27.9625200060835
            -28.2435503409989 -28.5245806753329 -28.8056110090754 -29.0866413422163
            -29.3676716747454 -29.648702006652 -29.9297323379256 -30.2107626685552
            -30.4917929985299 -30.7728233278385 -31.0538536564695 -31.3348839844112
            -31.6159143116519 -31.8969446381796 -32.1779749639819 -32.4590052890465
            -32.7400356133605 -33.0210659369112 -33.3020962596853 -33.5831265816694
            -33.8641569028498 -34.1451872232127 -34.4262175427438 -34.7072478614288
            -34.9882781792528 -35.2693084962008 -35.5503388122576 -35.8313691274075
            -36.1123994416347 -36.3934297549228 -36.6744600672554 -36.9554903786156
            -37.236520688986 -37.5175509983491 -37.798581306687 -38.0796116139814
            -38.3606419202135 -38.6416722253643 -38.9227025294142 -39.2037328323433
            -39.4847631341314 -39.7657934347576 -40.0468237342006 -40.3278540324389
            -40.6088843294502 -40.8899146252118 -41.1709449197006 -41.4519752128929
            -41.7330055047645 -42.0140357952906 -42.2950660844458 -42.5760963722043
            -42.8571266585394 -43.138156943424 -43.4191872268304 -43.70021750873
            -43.9812477890938 -44.2622780678919 -44.5433083450937 -44.824338620668
            -45.1053688945827 -45.3863991668049 -45.6674294373009 -45.9484597060362
            -46.2294899729755 -46.5105202380823 -46.7915505013195 -47.072580762649
            -47.3536110220315 -47.6346412794268 -47.9156715347936 -48.1967017880897
            -48.4777320392715 -48.7587622882944 -49.0397925351124 -49.3208227796786
            -49.6018530219444 -49.8828832618601 -50.1639134993745 -50.4449437344351
            -50.7259739669878 -51.0070041969769 -51.2880344243453 -51.5690646490341
            -51.8500948709826 -52.1311250901284 -52.4121553064074 -52.6931855197534
            -52.9742157300982 -53.2552459373716 -53.5362761415012 -53.8173063424124
            -54.0983365400284 -54.3793667342697 -54.6603969250544 -54.9414271122983
            -55.222457295914 -55.5034874758115 -55.784517651898 -56.0655478240774
            -56.3465779922506 -56.6276081563149 -56.9086383161644 -57.1896684716895
            -57.4706986227768 -57.751728769309 -58.0327589111646 -58.313789048218
            -58.5948191803389 -58.8758493073924 -59.1568794292387 -59.4379095457329
            -59.7189396567247 -59.9999697620583 -60.2809998615717 -60.5620299550971
            -60.8430600424601 -61.1240901234794 -61.4051201979667 -61.6861502657264
            -61.9671803265548 -62.2482103802402 -62.5292404265619 -62.8102704652906
            -63.091300496187 -63.3723305190019 -63.6533605334754 -63.9343905393366
            -64.2154205363026 -64.4964505240781 -64.7774805023548 -65.0585104708102
            -65.3395404291075 -65.6205703768941 -65.901600313801 -66.182630239442
            -66.4636601534124 -66.7446900552877 -67.025719944623 -67.3067498209512
            -67.5877796837818 -67.8688095325994 -68.1498393668621 -68.4308691859999
            -68.7118989894126 -68.9929287764678 -69.2739585464991 -69.5549882988032
            -69.8360180326378 -70.1170477472186 -70.3980774417163 -70.6791071152534
            -70.9601367669007 -71.2411663956731 -71.522196000526 -71.8032255803498
            -72.0842551339657 -72.3652846601196 -72.6463141574761 -72.9273436246123
            -73.2083730600095 -73.4894024620462 -73.7704318289881 -74.0514611589791
            -74.3324904500298 -74.6135197000054 -74.8945489066125 -75.1755780673836
            -75.4566071796606 -75.737636240576 -76.0186652470318 -76.2996941956759
            -76.5807230828752 -76.8617519046863 -77.1427806568204 -77.4238093346062
            -77.7048379329449 -77.9858664462609 -78.2668948684445 -78.5479231927864
            -78.8289514119024 -79.1099795176461 -79.3910075010082 -79.6720353519991
            -79.9530630595119 -80.2340906111611 -80.5151179930943 -80.7961451897674
            -81.0771721836786 -81.3581989550504 -81.6392254814469 -81.9202517373121
            -82.2012776934076 -82.4823033161249 -82.7633285666369 -83.0443533998451
            -83.3253777630592 -83.6064015943301 -83.8874248203231 -84.1684473535767
            -84.449469088929 -84.7304898988028 -85.0115096268977 -85.2925280796269
            -85.5735450142967 -85.8545601224853 -86.135573006184 -86.4165831427364
            -86.697589831922 -86.9785921135966 -87.2595886348395 -87.5405774264112
            -87.8215555071106 -88.1025181389372 -88.383457312248 -88.6643583418229
            -88.9451911183164 -89.2258828476116 -89.5062027382064 -89.7848769072186
ybounds   = 89.6553781340013 90
            89.3713309668416 89.6553781340013
            89.0891679226556 89.3713309668416
            88.8075422558419 89.0891679226556
            88.5261445048616 88.8075422558419
            88.2448646947911 88.5261445048616
            87.9636538378278 88.2448646947911
            87.6824867886544 87.9636538378278
            87.4013493077607 87.6824867886544
            87.1202327256003 87.4013493077607
            86.8391314610447 87.1202327256003
            86.5580417582763 86.8391314610447
            86.2769609968327 86.5580417582763
            85.9958872926642 86.2769609968327
            85.7148192563884 85.9958872926642
            85.4337558409213 85.7148192563884
            85.1526962421659 85.4337558409213
            84.8716398323854 85.1526962421659
            84.5905861143601 84.8716398323854
            84.3095346891402 84.5905861143601
            84.0284852329091 84.3095346891402
            83.7474374800902 84.0284852329091
            83.466391210816 83.7474374800902
            83.1853462414992 83.466391210816
            82.9043024176457 83.1853462414992
            82.6232596083104 82.9043024176457
            82.3422177017754 82.6232596083104
            82.061176602145 82.3422177017754
            81.7801362266411 82.061176602145
            81.4990965034338 81.7801362266411
            81.2180573698893 81.4990965034338
            80.9370187711438 81.2180573698893
            80.6559806589351 80.9370187711438
            80.3749429906383 80.6559806589351
            80.093905728466 80.3749429906383
            79.8128688388013 80.093905728466
            79.5318322916373 79.8128688388013
            79.2507960601058 79.5318322916373
            78.9697601200769 79.2507960601058
            78.688724449819 78.9697601200769
            78.407689029708 78.688724449819
            78.1266538419779 78.407689029708
            77.8456188705057 78.1266538419779
            77.5645841006264 77.8456188705057
            77.2835495189709 77.5645841006264
            77.0025151133268 77.2835495189709
            76.7214808725153 77.0025151133268
            76.4404467862846 76.7214808725153
            76.1594128452155 76.4404467862846
            75.8783790406385 76.1594128452155
            75.5973453645608 75.8783790406385
            75.3163118096015 75.5973453645608
            75.0352783689341 75.3163118096015
            74.7542450362354 75.0352783689341
            74.4732118056401 74.7542450362354
            74.1921786716997 74.4732118056401
            73.9111456293467 74.1921786716997
            73.6301126738612 73.9111456293467
            73.3490798008422 73.6301126738612
            73.0680470061808 73.3490798008422
            72.7870142860362 73.0680470061808
            72.5059816368146 72.7870142860362
            72.2249490551494 72.5059816368146
            71.9439165378834 72.2249490551494
            71.6628840820532 71.9439165378834
            71.3818516848739 71.6628840820532
            71.1008193437266 71.3818516848739
            70.8197870561455 71.1008193437266
            70.5387548198076 70.8197870561455
            70.2577226325217 70.5387548198076
            69.9766904922199 70.2577226325217
            69.6956583969486 69.9766904922199
            69.4146263448609 69.6956583969486
            69.1335943342092 69.4146263448609
            68.8525623633391 69.1335943342092
            68.5715304306826 68.8525623633391
            68.2904985347531 68.5715304306826
            68.0094666741397 68.2904985347531
            67.728434847503 68.0094666741397
            67.4474030535701 67.728434847503
            67.1663712911308 67.4474030535701
            66.8853395590337 67.1663712911308
            66.6043078561826 66.8853395590337
            66.3232761815335 66.6043078561826
            66.0422445340913 66.3232761815335
            65.7612129129069 66.0422445340913
            65.4801813170747 65.7612129129069
            65.1991497457302 65.4801813170747
            64.9181181980475 65.1991497457302
            64.6370866732375 64.9181181980475
            64.3560551705453 64.6370866732375
            64.075023689249 64.3560551705453
            63.7939922286575 64.075023689249
            63.5129607881089 63.7939922286575
            63.2319293669694 63.5129607881089
            62.9508979646311 63.2319293669694
            62.6698665805113 62.9508979646311
            62.388835214051 62.6698665805113
            62.1078038647135 62.388835214051
            61.8267725319838 62.1078038647135
            61.5457412153668 61.8267725319838
            61.2647099143872 61.5457412153668
            60.9836786285877 61.2647099143872
            60.7026473575286 60.9836786285877
            60.4216161007871 60.7026473575286
            60.140584857956 60.4216161007871
            59.8595536286434 60.140584857956
            59.5785224124718 59.8595536286434
            59.2974912090776 59.5785224124718
            59.0164600181101 59.2974912090776
            58.7354288392314 59.0164600181101
            58.4543976721156 58.7354288392314
            58.1733665164482 58.4543976721156
            57.8923353719257 58.1733665164482
            57.6113042382551 57.8923353719257
            57.3302731151535 57.6113042382551
            57.0492420023475 57.3302731151535
            56.768210899573 57.0492420023475
            56.4871798065748 56.768210899573
            56.2061487231059 56.4871798065748
            55.9251176489277 56.2061487231059
            55.6440865838093 55.9251176489277
            55.3630555275272 55.6440865838093
            55.082024479865 55.3630555275272
            54.8009934406133 55.082024479865
            54.5199624095693 54.8009934406133
            54.2389313865365 54.5199624095693
            53.9579003713245 54.2389313865365
            53.6768693637488 53.9579003713245
            53.3958383636304 53.6768693637488
            53.1148073707958 53.3958383636304
            52.8337763850769 53.1148073707958
            52.5527454063104 52.8337763850769
            52.2717144343377 52.5527454063104
            51.9906834690053 52.2717144343377
            51.7096525101637 51.9906834690053
            51.4286215576681 51.7096525101637
            51.1475906113776 51.4286215576681
            50.8665596711554 51.1475906113776
            50.5855287368687 50.8665596711554
            50.3044978083882 50.5855287368687
            50.0234668855883 50.3044978083882
            49.7424359683469 50.0234668855883
            49.4614050565453 49.7424359683469
            49.1803741500679 49.4614050565453
            48.8993432488024 49.1803741500679
            48.6183123526392 48.8993432488024
            48.3372814614721 48.6183123526392
            48.0562505751973 48.3372814614721
            47.775219693714 48.0562505751973
            47.4941888169238 47.775219693714
            47.2131579447311 47.4941888169238
            46.9321270770426 47.2131579447311
            46.6510962137673 46.9321270770426
            46.3700653548168 46.6510962137673
            46.0890345001046 46.3700653548168
            45.8080036495467 46.0890345001046
            45.5269728030609 45.8080036495467
            45.2459419605671 45.5269728030609
            44.9649111219874 45.2459419605671
            44.6838802872454 44.9649111219874
            44.4028494562669 44.6838802872454
            44.1218186289794 44.4028494562669
            43.8407878053119 44.1218186289794
            43.5597569851954 43.8407878053119
            43.2787261685624 43.5597569851954
            42.9976953553469 43.2787261685624
            42.7166645454845 42.9976953553469
            42.4356337389123 42.7166645454845
            42.1546029355688 42.4356337389123
            41.873572135394 42.1546029355688
            41.5925413383291 41.873572135394
            41.3115105443168 41.5925413383291
            41.0304797533011 41.3115105443168
            40.7494489652269 41.0304797533011
            40.4684181800407 40.7494489652269
            40.18738739769 40.4684181800407
            39.9063566181234 40.18738739769
            39.6253258412908 39.9063566181234
            39.344295067143 39.6253258412908
            39.0632642956317 39.344295067143
            38.7822335267101 39.0632642956317
            38.5012027603321 38.7822335267101
            38.2201719964524 38.5012027603321
            37.939141235027 38.2201719964524
            37.6581104760126 37.939141235027
            37.3770797193667 37.6581104760126
            37.0960489650478 37.3770797193667
            36.8150182130153 37.0960489650478
            36.5339874632293 36.8150182130153
            36.2529567156507 36.5339874632293
            35.9719259702411 36.2529567156507
            35.6908952269632 35.9719259702411
            35.40986448578 35.6908952269632
            35.1288337466555 35.40986448578
            34.8478030095543 35.1288337466555
            34.5667722744416 34.8478030095543
            34.2857415412834 34.5667722744416
            34.0047108100464 34.2857415412834
            33.7236800806976 34.0047108100464
            33.442649353205 33.7236800806976
            33.161618627537 33.442649353205
            32.8805879036625 33.161618627537
            32.5995571815512 32.8805879036625
            32.3185264611731 32.5995571815512
            32.037495742499 32.3185264611731
            31.7564650255 32.037495742499
            31.4754343101479 31.7564650255
            31.1944035964147 31.4754343101479
            30.9133728842733 31.1944035964147
            30.6323421736967 30.9133728842733
            30.3513114646586 30.6323421736967
            30.070280757133 30.3513114646586
            29.7892500510946 30.070280757133
            29.5082193465181 29.7892500510946
            29.227188643379 29.5082193465181
            28.9461579416531 29.227188643379
            28.6651272413165 28.9461579416531
            28.3840965423458 28.6651272413165
            28.103065844718 28.3840965423458
            27.8220351484103 28.103065844718
            27.5410044534005 27.8220351484103
            27.2599737596666 27.5410044534005
            26.9789430671868 27.2599737596666
            26.6979123759402 26.9789430671868
            26.4168816859055 26.6979123759402
            26.1358509970622 26.4168816859055
            25.85482030939 26.1358509970622
            25.5737896228689 25.85482030939
            25.2927589374791 25.5737896228689
            25.0117282532012 25.2927589374791
            24.7306975700161 25.0117282532012
            24.449666887905 24.7306975700161
            24.1686362068493 24.449666887905
            23.8876055268307 24.1686362068493
            23.6065748478311 23.8876055268307
            23.3255441698326 23.6065748478311
            23.0445134928178 23.3255441698326
            22.7634828167693 23.0445134928178
            22.4824521416701 22.7634828167693
            22.2014214675033 22.4824521416701
            21.9203907942523 22.2014214675033
            21.6393601219008 21.9203907942523
            21.3583294504325 21.6393601219008
            21.0772987798314 21.3583294504325
            20.7962681100818 21.0772987798314
            20.5152374411681 20.7962681100818
            20.234206773075 20.5152374411681
            19.9531761057873 20.234206773075
            19.6721454392899 19.9531761057873
            19.3911147735682 19.6721454392899
            19.1100841086073 19.3911147735682
            18.829053444393 19.1100841086073
            18.5480227809108 18.829053444393
            18.2669921181467 18.5480227809108
            17.9859614560867 18.2669921181467
            17.704930794717 17.9859614560867
            17.423900134024 17.704930794717
            17.1428694739941 17.423900134024
            16.861838814614 17.1428694739941
            16.5808081558705 16.861838814614
            16.2997774977505 16.5808081558705
            16.018746840241 16.2997774977505
            15.7377161833294 16.018746840241
            15.4566855270028 15.7377161833294
            15.1756548712488 15.4566855270028
            14.8946242160549 15.1756548712488
            14.6135935614088 14.8946242160549
            14.3325629072984 14.6135935614088
            14.0515322537116 14.3325629072984
            13.7705016006363 14.0515322537116
            13.4894709480608 13.7705016006363
            13.2084402959733 13.4894709480608
            12.9274096443621 13.2084402959733
            12.6463789932156 12.9274096443621
            12.3653483425226 12.6463789932156
            12.0843176922714 12.3653483425226
            11.803287042451 12.0843176922714
            11.5222563930501 11.803287042451
            11.2412257440576 11.5222563930501
            10.9601950954626 11.2412257440576
            10.679164447254 10.9601950954626
            10.3981337994211 10.679164447254
            10.117103151953 10.3981337994211
            9.83607250483907 10.117103151953
            9.55504185806871 9.83607250483907
            9.27401121163128 9.55504185806871
            8.99298056551639 9.27401121163128
            8.7119499197135 8.99298056551639
            8.43091927421224 8.7119499197135
            8.14988862900239 8.43091927421224
            7.86885798407365 8.14988862900239
            7.58782733941583 7.86885798407365
            7.30679669501881 7.58782733941583
            7.02576605087245 7.30679669501881
            6.74473540696679 7.02576605087245
            6.46370476329179 6.74473540696679
            6.18267411983754 6.46370476329179
            5.90164347659404 6.18267411983754
            5.62061283355157 5.90164347659404
            5.33958219070023 5.62061283355157
            5.05855154803026 5.33958219070023
            4.77752090553187 5.05855154803026
            4.49649026319537 4.77752090553187
            4.21545962101109 4.49649026319537
            3.93442897896933 4.21545962101109
            3.65339833706052 3.93442897896933
            3.37236769527502 3.65339833706052
            3.09133705360328 3.37236769527502
            2.81030641203571 3.09133705360328
            2.52927577056278 2.81030641203571
            2.24824512917499 2.52927577056278
            1.96721448786284 2.24824512917499
            1.68618384661685 1.96721448786284
            1.40515320542753 1.68618384661685
            1.12412256428544 1.40515320542753
            0.843091923181081 1.12412256428544
            0.562061282105045 0.843091923181081
            0.281030641047879 0.562061282105045
            1.52666624710249e-13 0.281030641047879
            -0.28103064104758 1.52666624710249e-13
            -0.562061282104752 -0.28103064104758
            -0.843091923180788 -0.562061282104752
            -1.12412256428514 -0.843091923180788
            -1.40515320542724 -1.12412256428514
            -1.68618384661655 -1.40515320542724
            -1.96721448786255 -1.68618384661655
            -2.24824512917471 -1.96721448786255
            -2.52927577056249 -2.24824512917471
            -2.81030641203543 -2.52927577056249
            -3.09133705360299 -2.81030641203543
            -3.37236769527473 -3.09133705360299
            -3.65339833706023 -3.37236769527473
            -3.93442897896906 -3.65339833706023
            -4.21545962101082 -3.93442897896906
            -4.4964902631951 -4.21545962101082
            -4.77752090553161 -4.4964902631951
            -5.05855154803 -4.77752090553161
            -5.33958219069997 -5.05855154803
            -5.6206128335513 -5.33958219069997
            -5.90164347659378 -5.6206128335513
            -6.18267411983728 -5.90164347659378
            -6.46370476329153 -6.18267411983728
            -6.74473540696653 -6.46370476329153
            -7.02576605087219 -6.74473540696653
            -7.30679669501856 -7.02576605087219
            -7.58782733941558 -7.30679669501856
            -7.86885798407341 -7.58782733941558
            -8.14988862900214 -7.86885798407341
            -8.430919274212 -8.14988862900214
            -8.71194991971325 -8.430919274212
            -8.99298056551614 -8.71194991971325
            -9.27401121163104 -8.99298056551614
            -9.55504185806847 -9.27401121163104
            -9.83607250483882 -9.55504185806847
            -10.1171031519528 -9.83607250483882
            -10.3981337994208 -10.1171031519528
            -10.6791644472537 -10.3981337994208
            -10.9601950954623 -10.6791644472537
            -11.2412257440573 -10.9601950954623
            -11.5222563930498 -11.2412257440573
            -11.8032870424507 -11.5222563930498
            -12.0843176922712 -11.8032870424507
            -12.3653483425223 -12.0843176922712
            -12.6463789932154 -12.3653483425223
            -12.9274096443618 -12.6463789932154
            -13.208440295973 -12.9274096443618
            -13.4894709480606 -13.208440295973
            -13.7705016006361 -13.4894709480606
            -14.0515322537114 -13.7705016006361
            -14.3325629072982 -14.0515322537114
            -14.6135935614086 -14.3325629072982
            -14.8946242160547 -14.6135935614086
            -15.1756548712486 -14.8946242160547
            -15.4566855270026 -15.1756548712486
            -15.7377161833291 -15.4566855270026
            -16.0187468402408 -15.7377161833291
            -16.2997774977502 -16.0187468402408
            -16.5808081558702 -16.2997774977502
            -16.8618388146137 -16.5808081558702
            -17.1428694739938 -16.8618388146137
            -17.4239001340237 -17.1428694739938
            -17.7049307947167 -17.4239001340237
            -17.9859614560864 -17.7049307947167
            -18.2669921181465 -17.9859614560864
            -18.5480227809106 -18.2669921181465
            -18.8290534443927 -18.5480227809106
            -19.1100841086071 -18.8290534443927
            -19.3911147735679 -19.1100841086071
            -19.6721454392897 -19.3911147735679
            -19.953176105787 -19.6721454392897
            -20.2342067730748 -19.953176105787
            -20.5152374411679 -20.2342067730748
            -20.7962681100815 -20.5152374411679
            -21.0772987798311 -20.7962681100815
            -21.3583294504322 -21.0772987798311
            -21.6393601219005 -21.3583294504322
            -21.9203907942521 -21.6393601219005
            -22.2014214675031 -21.9203907942521
            -22.4824521416699 -22.2014214675031
            -22.7634828167691 -22.4824521416699
            -23.0445134928175 -22.7634828167691
            -23.3255441698323 -23.0445134928175
            -23.6065748478308 -23.3255441698323
            -23.8876055268305 -23.6065748478308
            -24.168636206849 -23.8876055268305
            -24.4496668879048 -24.168636206849
            -24.7306975700159 -24.4496668879048
            -25.0117282532009 -24.7306975700159
            -25.2927589374788 -25.0117282532009
            -25.5737896228686 -25.2927589374788
            -25.8548203093898 -25.5737896228686
            -26.135850997062 -25.8548203093898
            -26.4168816859053 -26.135850997062
            -26.6979123759399 -26.4168816859053
            -26.9789430671866 -26.6979123759399
            -27.2599737596663 -26.9789430671866
            -27.5410044534002 -27.2599737596663
            -27.82203514841 -27.5410044534002
            -28.1030658447177 -27.82203514841
            -28.3840965423455 -28.1030658447177
            -28.6651272413162 -28.3840965423455
            -28.9461579416528 -28.6651272413162
            -29.2271886433787 -28.9461579416528
            -29.5082193465178 -29.2271886433787
            -29.7892500510943 -29.5082193465178
            -30.0702807571327 -29.7892500510943
            -30.3513114646583 -30.0702807571327
            -30.6323421736964 -30.3513114646583
            -30.913372884273 -30.6323421736964
            -31.1944035964144 -30.913372884273
            -31.4754343101475 -31.1944035964144
            -31.7564650254997 -31.4754343101475
            -32.0374957424987 -31.7564650254997
            -32.3185264611728 -32.0374957424987
            -32.5995571815509 -32.3185264611728
            -32.8805879036622 -32.5995571815509
            -33.1616186275367 -32.8805879036622
            -33.4426493532047 -33.1616186275367
            -33.7236800806973 -33.4426493532047
            -34.004710810046 -33.7236800806973
            -34.2857415412831 -34.004710810046
            -34.5667722744413 -34.2857415412831
            -34.8478030095539 -34.5667722744413
            -35.1288337466552 -34.8478030095539
            -35.4098644857797 -35.1288337466552
            -35.6908952269628 -35.4098644857797
            -35.9719259702408 -35.6908952269628
            -36.2529567156503 -35.9719259702408
            -36.533987463229 -36.2529567156503
            -36.8150182130149 -36.533987463229
            -37.0960489650475 -36.8150182130149
            -37.3770797193663 -37.0960489650475
            -37.6581104760122 -37.3770797193663
            -37.9391412350266 -37.6581104760122
            -38.2201719964521 -37.9391412350266
            -38.5012027603317 -38.2201719964521
            -38.7822335267098 -38.5012027603317
            -39.0632642956313 -38.7822335267098
            -39.3442950671426 -39.0632642956313
            -39.6253258412904 -39.3442950671426
            -39.906356618123 -39.6253258412904
            -40.1873873976896 -39.906356618123
            -40.4684181800403 -40.1873873976896
            -40.7494489652265 -40.4684181800403
            -41.0304797533007 -40.7494489652265
            -41.3115105443164 -41.0304797533007
            -41.5925413383287 -41.3115105443164
            -41.8735721353936 -41.5925413383287
            -42.1546029355684 -41.8735721353936
            -42.4356337389119 -42.1546029355684
            -42.7166645454841 -42.4356337389119
            -42.9976953553465 -42.7166645454841
            -43.278726168562 -42.9976953553465
            -43.559756985195 -43.278726168562
            -43.8407878053115 -43.559756985195
            -44.121818628979 -43.8407878053115
            -44.4028494562665 -44.121818628979
            -44.683880287245 -44.4028494562665
            -44.964911121987 -44.683880287245
            -45.2459419605667 -44.964911121987
            -45.5269728030604 -45.2459419605667
            -45.8080036495462 -45.5269728030604
            -46.0890345001042 -45.8080036495462
            -46.3700653548163 -46.0890345001042
            -46.6510962137669 -46.3700653548163
            -46.9321270770422 -46.6510962137669
            -47.2131579447307 -46.9321270770422
            -47.4941888169234 -47.2131579447307
            -47.7752196937136 -47.4941888169234
            -48.0562505751969 -47.7752196937136
            -48.3372814614717 -48.0562505751969
            -48.6183123526388 -48.3372814614717
            -48.8993432488019 -48.6183123526388
            -49.1803741500675 -48.8993432488019
            -49.4614050565448 -49.1803741500675
            -49.7424359683465 -49.4614050565448
            -50.0234668855878 -49.7424359683465
            -50.3044978083877 -50.0234668855878
            -50.5855287368682 -50.3044978083877
            -50.866559671155 -50.5855287368682
            -51.1475906113771 -50.866559671155
            -51.4286215576676 -51.1475906113771
            -51.7096525101632 -51.4286215576676
            -51.9906834690048 -51.7096525101632
            -52.2717144343373 -51.9906834690048
            -52.5527454063099 -52.2717144343373
            -52.8337763850764 -52.5527454063099
            -53.1148073707953 -52.8337763850764
            -53.3958383636299 -53.1148073707953
            -53.6768693637483 -53.3958383636299
            -53.957900371324 -53.6768693637483
            -54.238931386536 -53.957900371324
            -54.5199624095688 -54.238931386536
            -54.8009934406128 -54.5199624095688
            -55.0820244798645 -54.8009934406128
            -55.3630555275267 -55.0820244798645
            -55.6440865838088 -55.3630555275267
            -55.9251176489272 -55.6440865838088
            -56.2061487231054 -55.9251176489272
            -56.4871798065742 -56.2061487231054
            -56.7682108995725 -56.4871798065742
            -57.049242002347 -56.7682108995725
            -57.330273115153 -57.049242002347
            -57.6113042382546 -57.330273115153
            -57.8923353719252 -57.6113042382546
            -58.1733665164477 -57.8923353719252
            -58.4543976721151 -58.1733665164477
            -58.7354288392309 -58.4543976721151
            -59.0164600181095 -58.7354288392309
            -59.297491209077 -59.0164600181095
            -59.5785224124713 -59.297491209077
            -59.8595536286428 -59.5785224124713
            -60.1405848579554 -59.8595536286428
            -60.4216161007865 -60.1405848579554
            -60.702647357528 -60.4216161007865
            -60.9836786285871 -60.702647357528
            -61.2647099143866 -60.9836786285871
            -61.5457412153662 -61.2647099143866
            -61.8267725319831 -61.5457412153662
            -62.1078038647129 -61.8267725319831
            -62.3888352140503 -62.1078038647129
            -62.6698665805107 -62.3888352140503
            -62.9508979646305 -62.6698665805107
            -63.2319293669687 -62.9508979646305
            -63.5129607881083 -63.2319293669687
            -63.7939922286568 -63.5129607881083
            -64.0750236892483 -63.7939922286568
            -64.3560551705446 -64.0750236892483
            -64.6370866732368 -64.3560551705446
            -64.9181181980468 -64.6370866732368
            -65.1991497457295 -64.9181181980468
            -65.480181317074 -65.1991497457295
            -65.7612129129061 -65.480181317074
            -66.0422445340906 -65.7612129129061
            -66.3232761815328 -66.0422445340906
            -66.6043078561819 -66.3232761815328
            -66.8853395590329 -66.6043078561819
            -67.16637129113 -66.8853395590329
            -67.4474030535694 -67.16637129113
            -67.7284348475023 -67.4474030535694
            -68.0094666741389 -67.7284348475023
            -68.2904985347523 -68.0094666741389
            -68.5715304306818 -68.2904985347523
            -68.8525623633383 -68.5715304306818
            -69.1335943342084 -68.8525623633383
            -69.41462634486 -69.1335943342084
            -69.6956583969477 -69.41462634486
            -69.976690492219 -69.6956583969477
            -70.2577226325208 -69.976690492219
            -70.5387548198066 -70.2577226325208
            -70.8197870561446 -70.5387548198066
            -71.1008193437256 -70.8197870561446
            -71.381851684873 -71.1008193437256
            -71.6628840820522 -71.381851684873
            -71.9439165378825 -71.6628840820522
            -72.2249490551484 -71.9439165378825
            -72.5059816368136 -72.2249490551484
            -72.7870142860352 -72.5059816368136
            -73.0680470061798 -72.7870142860352
            -73.3490798008412 -73.0680470061798
            -73.6301126738601 -73.3490798008412
            -73.9111456293456 -73.6301126738601
            -74.1921786716986 -73.9111456293456
            -74.4732118056389 -74.1921786716986
            -74.7542450362342 -74.4732118056389
            -75.0352783689329 -74.7542450362342
            -75.3163118096003 -75.0352783689329
            -75.5973453645595 -75.3163118096003
            -75.8783790406372 -75.5973453645595
            -76.1594128452142 -75.8783790406372
            -76.4404467862833 -76.1594128452142
            -76.721480872514 -76.4404467862833
            -77.0025151133254 -76.721480872514
            -77.2835495189696 -77.0025151133254
            -77.564584100625 -77.2835495189696
            -77.8456188705043 -77.564584100625
            -78.1266538419764 -77.8456188705043
            -78.4076890297066 -78.1266538419764
            -78.6887244498175 -78.4076890297066
            -78.9697601200754 -78.6887244498175
            -79.2507960601042 -78.9697601200754
            -79.5318322916357 -79.2507960601042
            -79.8128688387997 -79.5318322916357
            -80.0939057284644 -79.8128688387997
            -80.3749429906367 -80.0939057284644
            -80.6559806589335 -80.3749429906367
            -80.9370187711421 -80.6559806589335
            -81.2180573698875 -80.9370187711421
            -81.4990965034319 -81.2180573698875
            -81.7801362266392 -81.4990965034319
            -82.061176602143 -81.7801362266392
            -82.3422177017733 -82.061176602143
            -82.6232596083083 -82.3422177017733
            -82.9043024176435 -82.6232596083083
            -83.1853462414969 -82.9043024176435
            -83.4663912108136 -83.1853462414969
            -83.7474374800877 -83.4663912108136
            -84.0284852329064 -83.7474374800877
            -84.3095346891374 -84.0284852329064
            -84.590586114357 -84.3095346891374
            -84.8716398323822 -84.590586114357
            -85.1526962421626 -84.8716398323822
            -85.4337558409177 -85.1526962421626
            -85.7148192563845 -85.4337558409177
            -85.99588729266 -85.7148192563845
            -86.2769609968282 -85.99588729266
            -86.5580417582713 -86.2769609968282
            -86.8391314610392 -86.5580417582713
            -87.1202327255945 -86.8391314610392
            -87.4013493077541 -87.1202327255945
            -87.6824867886469 -87.4013493077541
            -87.9636538378192 -87.6824867886469
            -88.244864694781 -87.9636538378192
            -88.5261445048495 -88.244864694781
            -88.8075422558272 -88.5261445048495
            -89.0891679226368 -88.8075422558272
            -89.3713309668138 -89.0891679226368
            -89.6553781339516 -89.3713309668138
            -90 -89.6553781339516
