    0.00000   0.0000000000
   20.00000   0.0000000000
   38.42530   0.0000000000
   63.64780   0.0000000000
   95.63700   0.0000000000
  134.48300   0.0000000000
  180.58400   0.0000000000
  234.77900   0.0000000000
  298.49600   0.0000000000
  373.97200   0.0000000000
  464.61800   0.0000000000
  575.65100   0.0000000000
  713.21800   0.0000000000
  883.66000   0.0000000000
 1094.83000   0.0000000000
 1356.47000   0.0000000000
 1680.64000   0.0000000000
 2082.27000   0.0000000000
 2579.89000   0.0000000000
 3196.42000   0.0000000000
 3960.29000   0.0000000000
 4906.71000   0.0000000000
 6018.02000   0.0000000000
 7306.63000   0.0000000000
 8765.05000   0.0000758235
10376.12000   0.0004613950
12077.40000   0.0018151600
13775.30000   0.0050811200
15379.80000   0.0111429000
16819.50000   0.0206779000
18045.20000   0.0341212000
19027.70000   0.0516904000
19755.10000   0.0735338000
20222.20000   0.0996747000
20429.90000   0.1300230000
20384.50000   0.1643840000
20097.40000   0.2024760000
19584.30000   0.2439330000
18864.80000   0.2883230000
17961.40000   0.3351550000
16899.50000   0.3838920000
15706.40000   0.4339630000
14411.10000   0.4847720000
13043.20000   0.5357100000
11632.80000   0.5861680000
10209.50000   0.6355470000
 8802.36000   0.6832690000
 7438.80000   0.7287860000
 6144.32000   0.7715970000
 4941.78000   0.8112530000
 3850.91000   0.8473750000
 2887.70000   0.8796570000
 2063.78000   0.9078840000
 1385.91000   0.9319400000
  855.36200   0.9518220000
  467.33300   0.9676450000
  210.39400   0.9796630000
   65.88920   0.9882700000
    7.36774   0.9940190000
    0.00000   0.9976300000
    0.00000   1.0000000000

# Source:
# https://www.ecmwf.int/en/forecasts/documentation-and-support/60-model-levels 
