6400.000000   0.000000
7054.545455   0.000000
7709.090909   0.000000
8363.636364   0.000000
9018.181818   0.000000
9672.727273   0.000000
10327.272727   0.000000
10981.818182   0.000000
11636.363636   0.000000
12290.909091   0.000000
12945.454545   0.000000
13600.000000   0.000000
14254.545455   0.000000
14909.090909   0.000000
15563.636364   0.000000
16218.181818   0.000000
16872.727273   0.000000
17527.272727   0.000000
18181.818182   0.000000
18836.363636   0.000000
19488.291133   0.000028
20132.354230   0.000140
20765.657052   0.000367
21385.699103   0.000736
21990.191920   0.001270
22577.037498   0.001994
23144.337155   0.002926
23690.407290   0.004085
24213.793956   0.005486
24713.282833   0.007142
25187.903200   0.009065
25636.925636   0.011261
26059.853887   0.013735
26456.411715   0.016491
26826.525830   0.019530
27170.306030   0.022850
27488.023665   0.026449
27780.089435   0.030321
28047.031358   0.034463
28289.473582   0.038865
28508.116537   0.043522
28703.718772   0.048426
28877.080655   0.053567
29029.030025   0.058936
29160.409794   0.064526
29272.067397   0.070326
29364.846003   0.076327
29439.577301   0.082522
29497.075720   0.088901
29538.133907   0.095455
29563.519295   0.102177
29573.971602   0.109058
29570.201127   0.116091
29552.887703   0.123269
29522.680190   0.130585
29480.196412   0.138032
29426.023447   0.145604
29360.718191   0.153295
29284.808137   0.161099
29198.792310   0.169011
29103.142321   0.177025
28998.303492   0.185139
28884.696035   0.193345
28762.716245   0.201642
28632.737710   0.210023
28495.112494   0.218487
28350.172312   0.227028
28198.229663   0.235644
28039.578930   0.244332
27874.497433   0.253089
27703.246445   0.261912
27526.072146   0.270798
27343.206547   0.279744
27154.868348   0.288749
26961.263762   0.297811
26762.587287   0.306927
26559.022431   0.316094
26350.742394   0.325313
26137.910718   0.334579
25920.681880   0.343893
25699.201864   0.353253
25473.608685   0.362656
25244.032887   0.372101
25010.598006   0.381588
24773.421001   0.391115
24532.612663   0.400681
24288.277990   0.410285
24040.516544   0.419925
23789.422779   0.429600
23535.086353   0.439310
23277.592417   0.449054
23017.021882   0.458831
22753.451675   0.468640
22486.954971   0.478480
22217.601421   0.488351
21945.457350   0.498252
21670.585955   0.508181
21393.047485   0.518140
21112.899410   0.528126
20830.196578   0.538139
20544.991366   0.548179
20257.333815   0.558245
19967.271764   0.568337
19674.850970   0.578454
19380.115222   0.588596
19083.106448   0.598762
18783.864819   0.608952
18482.428839   0.619166
18178.835437   0.629402
17873.120047   0.639662
17565.316690   0.649943
17255.458046   0.660247
16943.575522   0.670572
16629.699318   0.680918
16313.858491   0.691286
15996.081006   0.701674
15676.393799   0.712082
15354.822821   0.722511
15031.393089   0.732959
14706.128734   0.743427
14379.053037   0.753915
14050.188479   0.764421
13719.556770   0.774946
13387.178893   0.785491
13053.075130   0.796053
12717.265104   0.806634
12379.767800   0.817232
12040.601599   0.827849
11699.784306   0.838483
11357.333173   0.849135
11013.264925   0.859804
10667.595782   0.870490
10320.341482   0.881193
9971.517304   0.891913
9621.138082   0.902649
9269.218230   0.913402
8915.771754   0.924171
8560.812276   0.934956
8204.353041   0.945758
7846.406941   0.956575
7486.986524   0.967408
7126.104009   0.978256
6763.771301   0.989121
6400.000000   1.000000
