27713.375273   0.000000
28118.569662   0.000000
28528.547700   0.000000
28943.352470   0.000000
29363.027324   0.000000
29787.615881   0.000000
30217.162032   0.000000
30651.709937   0.000000
31091.304029   0.000000
31535.989012   0.000000
31985.809866   0.000000
32440.811845   0.000000
32901.040476   0.000000
33366.541566   0.000000
33837.361198   0.000000
34313.545731   0.000000
34795.141807   0.000000
35282.196346   0.000000
35774.756549   0.000000
36272.869899   0.000000
36774.653349   0.000027
37276.169249   0.000135
37775.044972   0.000359
38269.070132   0.000730
38756.070550   0.001277
39233.902836   0.002033
39700.475515   0.003026
40153.779269   0.004284
40591.919384   0.005836
41013.146502   0.007704
41415.883169   0.009913
41798.744505   0.012482
42160.552110   0.015428
42500.340941   0.018765
42817.359427   0.022504
43111.063515   0.026654
43381.105625   0.031219
43627.319628   0.036203
43849.703017   0.041608
44048.397382   0.047430
44223.668168   0.053668
44375.884545   0.060318
44505.500060   0.067373
44613.034519   0.074827
44699.057460   0.082674
44764.173364   0.090905
44809.008710   0.099512
44834.200833   0.108488
44840.388519   0.117825
44828.204226   0.127515
44798.267761   0.137549
44751.181276   0.147920
44687.525407   0.158621
44607.856409   0.169646
44512.704124   0.180987
44402.570661   0.192638
44277.929660   0.204594
44139.226029   0.216850
43986.876060   0.229399
43821.267852   0.242239
43642.761960   0.255365
43451.692221   0.268772
43248.366703   0.282458
43033.068743   0.296419
42806.058041   0.310653
42567.571775   0.325157
42317.825734   0.339929
42057.015433   0.354967
41785.317212   0.370271
41502.889307   0.385837
41209.872879   0.401666
40906.393006   0.417756
40592.559624   0.434107
40268.468429   0.450718
39934.201727   0.467590
39589.829237   0.484721
39235.408848   0.502113
38870.987333   0.519765
38496.601009   0.537678
38112.276372   0.555852
37718.030672   0.574288
37313.872465   0.592987
36899.802120   0.611950
36475.812294   0.631177
36041.888374   0.650671
35598.008890   0.670432
35144.145896   0.690461
34680.265330   0.710760
34206.327342   0.731331
33722.286602   0.752174
33228.092591   0.773293
32723.689861   0.794688
32209.018285   0.816361
31684.013287   0.838314
31148.606052   0.860549
30602.723728   0.883068
30046.289608   0.905874
29479.223297   0.928968
28901.440877   0.952352
28312.855049   0.976028
27713.375273   1.000000
