14773.3441369 0.0 
15027.7252941 0.0 
15285.6415343 0.0 
15547.1303161 0.0 
15812.2293722 0.0 
16080.9767104 0.0 
16353.4106152 0.0 
16629.5696481 0.0 
16909.4926493 0.0 
17193.2187388 0.0 
17480.7873172 0.0 
17772.2380671 0.0 
18067.6109539 0.0 
18366.9462275 0.0 
18670.2844227 0.0 
18977.6663609 0.0 
19289.133151 0.0 
19604.7261903 0.0 
19924.4871661 0.0 
20248.4580565 0.0 
20576.176181 5.83409404495e-06 
20906.7191099 2.86516108466e-05 
21239.6269444 7.42612938019e-05 
21574.4859466 0.000147941963533 
21910.8851354 0.000254944015534 
22248.4050966 0.00040061871957 
22586.6137282 0.000590467387281 
22925.0647176 0.000830158984498 
23263.2974374 0.00112553134345 
23600.8377276 0.00148258214141 
23937.1993022 0.00190745265986 
24271.8856312 0.00240640605724 
24604.3921955 0.00298580132451 
24934.2090371 0.00365206383717 
25260.8235345 0.00441165330344 
25583.7233379 0.00527102985958 
25902.3994023 0.0062366190419 
26216.3490559 0.00731477635044 
26525.0790431 0.00851175210035 
26828.1084854 0.00983365722784 
27124.9717055 0.0112864306746 
27415.2208654 0.0128758089185 
27698.4283759 0.014607298149 
27974.1890411 0.0164861495048 
28242.1219089 0.0185173377052 
28501.8718076 0.0207055433106 
28753.1105557 0.0230551387579 
28995.5378406 0.0255701782203 
29228.8817693 0.0282543912591 
29452.899101 0.0311111801506 
29667.3751767 0.0341436207079 
29872.1235685 0.0373544663552 
30066.9854706 0.0407461551672 
30251.8288629 0.0443208195534 
30426.5474743 0.0480802982445 
30591.0595783 0.052026150225 
30745.3066503 0.0561596702592 
30889.2519166 0.060481905663 
31022.878826 0.0649936739887 
31146.1894668 0.0696955813131 
31259.2029586 0.0745880408431 
31361.9538375 0.0796712915816 
31454.4904562 0.0849454168268 
31536.8734151 0.09041036231 
31609.1740399 0.0960659538034 
31671.4729156 0.101911914066 
31723.8584884 0.107947879014 
31766.4257409 0.11417341304 
31799.2749466 0.120588023415 
31822.5105073 0.127191173738 
31836.2398736 0.133982296418 
31840.5725509 0.140960804173 
31835.6191884 0.148126100571 
31821.49075 0.15547758962 
31798.2977646 0.163014684446 
31766.1496526 0.170736815086 
31725.1541242 0.178643435453 
31675.416647 0.186734029505 
31617.0399771 0.19500811667 
31550.1237508 0.203465256583 
31474.7641312 0.212105053177 
31391.0535069 0.220927158182 
31299.080237 0.229931274083 
31198.92844 0.239117156575 
31090.6778205 0.248484616574 
30974.4035324 0.258033521816 
30850.1760733 0.267763798087 
30718.0612073 0.277675430132 
30578.1199135 0.287768462262 
30430.4083564 0.29804299871 
30274.9778767 0.308499203748 
30111.874999 0.319137301619 
29941.1414547 0.329957576277 
29762.8142181 0.340960370991 
29576.9255534 0.352146087813 
29383.5030714 0.363515186935 
29182.5697939 0.37506818596 
28974.1442251 0.386805659092 
28758.2404282 0.398728236263 
28534.8681059 0.410836602218 
28304.0326847 0.423131495554 
28065.7354016 0.43561370773 
27819.973392 0.44828408207 
27566.7397796 0.461143512735 
27306.0237654 0.474192943707 
27037.8107179 0.487433367766 
26762.0822621 0.500865825471 
26478.8163675 0.514491404153 
26187.9874358 0.528311236929 
25889.566386 0.542326501719 
25583.5207388 0.556538420292 
25269.8146981 0.570948257337 
24948.4092316 0.585557319542 
24619.2621484 0.600366954717 
24282.3281747 0.61537855093 
23937.5590273 0.630593535673 
23584.9034841 0.646013375057 
23224.3074534 0.661639573032 
22855.7140396 0.677473670639 
22479.0636069 0.693517245285 
22094.2938411 0.709771910048 
21701.3398081 0.72623931301 
21300.134011 0.742921136616 
20890.6064441 0.759819097061 
20472.6846449 0.776934943702 
20046.2937443 0.794270458498 
19611.3565139 0.81182745547 
19167.7934117 0.829607780191 
18715.5226254 0.8476133093 
18254.4601141 0.865845950035 
17784.5196473 0.884307639789 
17305.6128433 0.903000345693 
16817.649204 0.921926064215 
16320.5361497 0.941086820783 
15814.179051 0.960484669422 
15298.4812595 0.98012169242 
14773.3441369 1.0 
