    0.00000000000      0.00000000000
    1.98918200000      0.00000000000
    2.69261049019      0.00000000000
    3.54616436285      0.00000000000
    4.57676154806      0.00000000000
    5.81494008732      0.00000000000
    7.29508100451      0.00000000000
    9.05558650238      0.00000000000
   11.13899860390      0.00000000000
   13.59204232600      0.00000000000
   16.46557688990      0.00000000000
   19.81443846030      0.00000000000
   23.69715858580      0.00000000000
   28.17554398880      0.00000000000
   33.31410571420      0.00000000000
   39.17932894130      0.00000000000
   45.83877900870      0.00000000000
   53.36004436590      0.00000000000
   61.84652851090      0.00000000000
   71.41293096520      0.00000000000
   82.18633735120      0.00000000000
   94.30739700910      0.00000000000
  107.93159312400      0.00000000000
  123.23061037100      0.00000000000
  140.39380510000      0.00000000000
  159.62978305700      0.00000000000
  181.16808956800      0.00000000000
  205.26101701000      0.00000000000
  232.18553420500      0.00000000000
  262.24534219500      0.00000000000
  295.77306053200      0.00000000000
  333.13254791100      0.00000000000
  374.72136053700      0.00000000000
  420.97335112800      0.00000000000
  472.36141090100      0.00000000000
  529.40035622200      0.00000000000
  592.64996085000      0.00000000000
  662.71813389000      0.00000000000
  740.26424261200      0.00000000000
  826.00257828600      0.00000000000
  920.70596202900      0.00000000000
 1025.20948643000      0.00000000000
 1140.41438737000      0.00000000000
 1267.29203905000      0.00000000000
 1406.88806363000      0.00000000000
 1560.32654523000      0.00000000000
 1728.81433642000      0.00000000000
 1913.64544337000      0.00000000000
 2116.40516768000      0.00000000000
 2338.83258526000      0.00000000000
 2582.83546234000      0.00000000000
 2850.50661850000      0.00000000000
 3144.14187680000      0.00000000000
 3466.25975516000      0.00000000000
 3819.62306772000      0.00000000000
 4207.26262160000      0.00000000000
 4632.50321221000      0.00000000000
 5098.99214010000      0.00000000000
 5610.73049400000      0.00000000000
 6172.44718382000      0.00000000000
 6789.26169137000      0.00000000000
 7464.85605972000      0.00000000000
 8205.07462124000      0.00000000000
 9013.73512825000      0.00004644049
 9876.25161270000      0.00034243900
10779.68049520000      0.00110446930
11698.04481100000      0.00262146859
12606.03877790000      0.00530741757
13479.76236570000      0.00948636061
14289.18972130000      0.01555586781
15005.62166630000      0.02390019447
15604.63641530000      0.03493614042
16062.08785970000      0.04900494903
16355.96332830000      0.06649874109
16464.95593010000      0.08780069543
16370.24677270000      0.11324220849
16058.29492070000      0.14307531050
15520.18059980000      0.17757315520
14753.79397070000      0.21690040880
13765.30691920000      0.26105167868
12572.99975160000      0.30987771640
11218.07284600000      0.36276278464
 9756.42317930000      0.41877350085
 8253.21100000000      0.47670000000
 6761.34000000000      0.53590000000
 5345.91400000000      0.59510000000
 4050.71800000000      0.65360000000
 2911.56900000000      0.71060000000
 1954.80500000000      0.76540000000
 1195.89000000000      0.81720000000
  638.14890000000      0.86500000000
  271.62650000000      0.90770000000
   72.06360000000      0.94420000000
    0.00000000000      0.97300000000
    0.00000000000      0.99230000000
    0.00000000000      1.00000000000
# ==============================================
# Source:
# - Hui Wan, r3471
# - Variables vct_a and vct_b in
#   /scratch/work/system/pool/data/ECHAM6/T159/T159L95_jan_spec.nc
#   from MPI-M.
# Comments:
# - Vertical grid for ECHAM6 simulations including the
#   troposphere, stratosphere and mesosphere.
# - Resolves atmosphere from surface to 1 Pa (0.01 mbar).
# - Includes mass of the whole atmosphere: ptop=0. 
# References:
# - n.a.
